143132124123131144158169173170159144127111100 95 9710411512713714214414016 3 1MR 8 4173214514499999999999999 2381231513 9499999999999999
135130126125128135145155161162157147134120108 99 95 95 9910711612513213716 3 2MR 837163999999999999999999999 2451251629 9499999999999999
140140139137136139144150155159160157151140128116105 98 94 9510010811912916 3 3MR 042140 95016099999999999999 3441361821 9499999999999999
137143145144140137136136138142145147146141132119105 92 81 74 75 81 9210716 3 4MR 2 714511 914799999999999999 6201361929 7499999999999999
124138148151148141134128125128134142149152150142128110 92 77 69 68 77 9316 3 5MR 25815113 815299999999999999 7581252033 6799999999999999
114135153163164158146134124121125136149161168166155136113 89 72 63 67 8116 3 6MR 339164141916899999999999999 8561212112 6399999999999999
104131157175183179166149132121119128144162178186183167142113 85 66 60 6716 3 7MR 410183151518699999999999999 9421192155 6099999999999999
 88117147172186188177157134114104107123146170189196189168139106 78 61 6016 3 8MR 43818915591969999999999999910171032236 5999999999999999
 74100132163185194189171145118 99 94103125153180198203192168134100 76 6616 3 9MR 5 81941648203999999999999991051 9423 9 6699999999999999
 71 90120153181198199185159129102 88 87103130162189205204188160127 97 7816 310MR 5352011728206999999999999991131 862348 7399999999999999
 74 85109140171193202194173143111 88 77 82103133165189200196178150121 9716 311MR 6 12021812200999999999999991210 77999999999999999999999
 85 88103127156180194193178151118 90 71 66 76 9912915717618317615813611316 312MR 627196185818399999999999999 020 851252 6699999999999999
 97 92 99116140165182188179159131103 80 66 66 7910212815216917316715413716 313MR 653188195417399999999999999 055 911331 6499999999999999
122113114124141161178188187176155131107 88 80 83 9611513515416717216815916 314MR 729189205817299999999999999 1251121413 8099999999999999
149140137141151165179189191186174155133112 97 90 9110011312714014915215116 315MR 75019122 615299999999999999 2 01371518 8999999999999999
147142138137141148156164169169163153138121104 91 83 83 88 9811112413414116 316MR 829170999999999999999999999 2421371635 8299999999999999
144145143141140141144148152155156153146135120105 92 84 80 82 88 9911212616 317MR 044145 94415699999999999999 3561401810 8099999999999999
137145148147144140137136138142146150152150143132118103 90 83 83 8910211816 318MR 216148115915299999999999999 6481361934 8299999999999999
136151161164161155147141137139145154164171172166153135116100 91 90 9911416 319MR 3 1164133617299999999999999 8 91372034 9099999999999999
134153168176175167155141130125127137150164174177170154132110 92 84 87 9916 320MR 325176144717799999999999999 9121242115 8499999999999999
119142163177182176162144128117114122137156173184184173153128104 87 82 8916 321MR 355182153318699999999999999 9451142156 8299999999999999
107131156176185183170150129112104108122144167186194190174150123100 88 8916 322MR 41818616121949999999999999910101042225 8799999999999999
104127153176190192181160135112 98 96106126151175191194184164137111 91 8516 323MR 4371931645195999999999999991040 952256 8599999999999999
 93113139165184192187170145119 99 90 95111137164185196193178154127105 9316 324MR 5 71921718196999999999999991111 902321 9299999999999999
 95110134161183194193178154126101 87 85 95117144170187191182163138114 9816 325MR 5241951747191999999999999991139 842350 9399999999999999
 93102121146169184187177156129103 83 76 8210012515117318418317115112810916 326MR 54418818241859999999999999912 3 76999999999999999999999
100103117138161179187182165140112 89 77 76 8710813415917518117516114212416 327MR 6 818719 018199999999999999 0151001234 7599999999999999
113112121137158176188188176156130106 88 80 8510112214416217317416615213716 328MR 632189193617499999999999999 03811113 5 8099999999999999
124117120131147163176179171156135112 92 80 78 8610212214115616516515914816 329MR 648179203616699999999999999 1121171343 7799999999999999
137130128134145158170176175166151133114 98 90 90 9911313014515716316315816 330MR 724177212816499999999999999 1411281427 8999999999999999
151143137137141149158165167164154141124109 98 93 9410011012313714815515816 331MR 753167234115999999999999999 2401361524 9399999999999999
