18717215915415917620122223122621219517615714213213013815316818218919118716 3 1TK 8 4231214719199999999999999 3 4154153813099999999999999
18017216616516817518620021422221820518616815314213513413814715917218118616 3 2TK 914222999999999999999999999 249165164413499999999999999
18818718518318017918219020121021220819918917616214813713313413914815917116 3 3TK 012188 94921299999999999999 453179182113399999999999999
18319219719819318517917718118819319519419118517516014212611411011612914716 3 4TK 235198111019599999999999999 645177195311099999999999999
167185199206204194180169163164172182192200203198184164139115 98 9410312216 3 5TK 315206135320399999999999999 8221632049 9399999999999999
147175201219225217200180164156158170190210224228218198170140113 95 9210616 3 6TK 355225144822899999999999999 9181552142 9199999999999999
135171207234248246229203177157150156175202229247250236206168131101 85 8916 3 7TK 42224915412519999999999999910 41502219 8499999999999999
111146189228252256243217187159138131144175215249266262238201159120 92 8016 3 8TK 442257161826799999999999999105413123 2 8099999999999999
 91122165211247264259236202165132112113137176219253268257227185141103 8116 3 9TK 51626417 52689999999999999911271102336 7799999999999999
 79 9813317822225426525322118014111310411614719223827027826022418013810816 310TK 5582651748279999999999999991157104999999999999999999999
 93 99125165210249269264238198157122101 9911815620224326726724521117213716 311TK 619270183027099999999999999 014 931236 9799999999999999
114108121151189226252259245213173133102 88 9411915720023525124421918815816 312TK 650260191125199999999999999 0491081313 8899999999999999
135122122139169204235250245222187150119 99 91 9912416119922723722820718216 313TK 71625120 123799999999999999 12912014 2 9199999999999999
16214914615417219722424425023821318014912410910511513616319020921721320016 314TK 749250211221799999999999999 146146144710499999999999999
18316916316718019621422823723722720718215513111511312414416618419720320116 315TK 830238221920399999999999999 2 6163153911299999999999999
19518617917617718319420621521921520318717015313512211812413815617218419116 316TK 859219999999999999999999999 317176165611899999999999999
19419419218918518218318919720420520019418517415814112611912012814115517116 317TK 033194 94020599999999999999 524182182311899999999999999
18619720320319618818217918118519119820420720519417715713812512112714116216 318TK 225204131120799999999999999 7 6179195312199999999999999
18520622122722221019618618017918319220521822622521319216714412812313014716 319TK 3 2227142822799999999999999 845179205612399999999999999
17219822023323422320518516815815716718520722623523221719116013111211112516 320TK 334235151723699999999999999 937156213610999999999999999
15118120923124023722119717215314414916719422124124824021718515012110711016 321TK 41324116 02489999999999999910 9144222010699999999999999
13116420023024724723220717915313613415017821224226026124521617914512011416 322TK 4322491635263999999999999991037133225011399999999999999
12715619322825125824822319115813212012715318822425026025222619015312110416 323TK 45425817 52609999999999999911 9120232210299999999999999
10713016720623725224922919716213111311213016320223725926224521417814512216 324TK 5182531738263999999999999991132110234911599999999999999
11613016220123625625824321518014411610611714518221824625825122819516013316 325TK 53626018 9258999999999999991159106999999999999999999999
11912314618021524225224421818414811910210312215519222624725023520717614816 326TK 6 3252183925199999999999999 018118122610199999999999999
12912513916720023024724622819816213010810111113517020523324524122219516916 327TK 629249191424699999999999999 043124125610199999999999999
14914114716619322024124924121718314812210911112715418521323123622620718316 328TK 7 1249194923699999999999999 1 5141132210899999999999999
16315115116318320622623823622019216113511711111813616218921022222421620216 329TK 724239204222499999999999999 130150135711199999999999999
18517116517118520522223223222420818716314312912613615618120321722222021216 330TK 735233211522299999999999999 2 0165144612599999999999999
20119018217918319320722022722421219517616014513513314015417118820121021216 331TK 81322723 221299999999999999 258179154513399999999999999
